
###########################################################
###########################################################
fpr (CM): 
[0.         0.00346488 0.00699157 0.01189598 0.01642858 0.01944202
 0.0229829  0.02927221 0.03985026 0.0512665  0.06263582 0.07529578
 0.09152656 0.12805981 0.18370561 0.24161591 0.29816065 0.4093789
 0.6927263  1.        ]
tpr (CM): 
[0.         0.03631916 0.07324561 0.10748988 0.1483637  0.21437247
 0.28949055 0.36196019 0.4152834  0.46998988 0.532861   0.60480769
 0.67950405 0.73663968 0.77952092 0.83060054 0.90620783 0.9729251
 0.98076923 0.98076923]
auc (CM): 
0.884