
###########################################################
###########################################################
fpr (CM): 
[0.00000000e+00 2.42938149e-04 5.09698943e-04 2.90633394e-03
 6.03989481e-03 9.62559552e-03 1.37084051e-02 1.77638726e-02
 2.66294050e-02 3.78973239e-02 5.17271528e-02 6.86604277e-02
 9.04647195e-02 1.26549236e-01 1.99780694e-01 2.84253856e-01
 3.91512504e-01 5.35876518e-01 7.67753964e-01 1.00000000e+00]
tpr (CM): 
[0.         0.07397099 0.1474865  0.21465924 0.29205466 0.36840418
 0.43402497 0.49967949 0.55502699 0.60573549 0.65728745 0.71929825
 0.78567814 0.83333333 0.85921053 0.90037112 0.94807692 0.98011134
 0.98076923 0.98076923]
auc (CM): 
0.913