##################################################
################## the settings ##################
##################################################

Grid_n_jobs:           3
space:                 {'probability': [True], 'kernel': ['rbf', 'linear'], 'decision_function_shape': ['ovr', 'ovo'], 'C': [0.1, 10, 1000], 'gamma': [1, 0.01, 0.0001], 'random_state': [10]}
inner_n_splits:        10
outer_n_splits (dis):  10
df_all_features.shape: (1744, 728)
trainingData.shape:    (1569, 305)
testData.shape:        (175, 305)
test size:             0.1




##################################################
###### summarize the estimated performance #######
####### of the best model on the test set ########
##################################################

Rank-1: 48.57%
best parameters are:
 {'C': 0.1, 'decision_function_shape': 'ovr', 'gamma': 1, 'kernel': 'linear', 'probability': True, 'random_state': 10}

              precision    recall  f1-score   support

           0       0.33      0.50      0.40         2
           1       0.50      0.50      0.50         2
           2       0.00      0.00      0.00         2
           3       0.00      0.00      0.00         2
           4       0.25      0.50      0.33         2
           5       0.33      0.50      0.40         2
           6       1.00      0.50      0.67         2
           7       0.38      1.00      0.55         3
           8       1.00      1.00      1.00         2
           9       0.67      1.00      0.80         2
          10       0.50      1.00      0.67         2
          11       0.00      0.00      0.00         2
          12       0.17      0.50      0.25         2
          13       0.50      0.50      0.50         2
          14       0.50      0.50      0.50         2
          15       1.00      0.50      0.67         2
          16       0.50      0.50      0.50         2
          17       0.33      0.50      0.40         2
          18       0.33      1.00      0.50         2
          19       1.00      0.50      0.67         2
          20       1.00      0.67      0.80         3
          21       1.00      0.50      0.67         2
          22       1.00      0.50      0.67         2
          23       0.33      0.33      0.33         3
          24       1.00      0.50      0.67         2
          25       0.00      0.00      0.00         2
          26       0.25      0.50      0.33         2
          27       0.25      0.50      0.33         2
          28       0.50      0.50      0.50         2
          29       0.33      0.50      0.40         2
          30       0.50      0.50      0.50         2
          31       0.00      0.00      0.00         2
          32       1.00      1.00      1.00         2
          33       0.75      1.00      0.86         3
          34       0.00      0.00      0.00         2
          35       0.33      0.33      0.33         3
          36       0.67      0.67      0.67         3
          37       0.50      0.50      0.50         2
          38       0.00      0.00      0.00         2
          39       0.33      0.33      0.33         3
          40       1.00      0.50      0.67         2
          41       1.00      0.50      0.67         2
          42       1.00      0.33      0.50         3
          43       0.50      0.50      0.50         2
          44       0.50      0.50      0.50         2
          45       0.50      0.50      0.50         2
          46       1.00      0.50      0.67         2
          47       1.00      1.00      1.00         2
          48       1.00      0.33      0.50         3
          49       0.50      0.33      0.40         3
          50       1.00      0.50      0.67         2
          51       0.00      0.00      0.00         2
          52       0.50      0.50      0.50         2
          53       0.67      0.67      0.67         3
          54       0.50      0.33      0.40         3
          55       0.67      1.00      0.80         2
          56       1.00      1.00      1.00         3
          57       0.00      0.00      0.00         3
          58       0.00      0.00      0.00         2
          59       1.00      1.00      1.00         2
          60       0.50      0.50      0.50         2
          61       0.00      0.00      0.00         2
          62       0.33      0.33      0.33         3
          63       0.33      0.50      0.40         2
          64       0.20      0.50      0.29         2
          65       0.33      0.50      0.40         2
          66       0.50      0.50      0.50         2
          67       0.00      0.00      0.00         2
          68       1.00      1.00      1.00         2
          69       0.00      0.00      0.00         2
          70       0.00      0.00      0.00         2
          71       1.00      0.50      0.67         2
          72       0.00      0.00      0.00         2
          73       0.33      0.50      0.40         2
          74       0.33      0.50      0.40         2
          75       1.00      0.50      0.67         2
          76       1.00      1.00      1.00         2
          77       1.00      0.50      0.67         2
          78       1.00      1.00      1.00         2
          79       0.50      1.00      0.67         2

    accuracy                           0.49       175
   macro avg       0.52      0.49      0.48       175
weighted avg       0.53      0.49      0.48       175

