##################################################
################## the settings ##################
##################################################

Grid_n_jobs:           3
space:                 {'n_components': [10, 15, 20, 25, 30]}
inner_n_splits:        10
outer_n_splits (dis):  10
df_all_features.shape: (1744, 728)
trainingData.shape:    (1569, 45)
testData.shape:        (175, 45)
test size:             0.1




##################################################
###### summarize the estimated performance #######
####### of the best model on the test set ########
##################################################

Rank-1: 47.43%
best parameters are:
 {'n_components': 10}

              precision    recall  f1-score   support

           0       0.00      0.00      0.00         2
           1       0.67      1.00      0.80         2
           2       0.00      0.00      0.00         2
           3       0.00      0.00      0.00         2
           4       0.40      1.00      0.57         2
           5       0.20      0.50      0.29         2
           6       0.00      0.00      0.00         2
           7       0.75      1.00      0.86         3
           8       1.00      0.50      0.67         2
           9       0.67      1.00      0.80         2
          10       1.00      1.00      1.00         2
          11       0.00      0.00      0.00         2
          12       0.00      0.00      0.00         2
          13       0.33      0.50      0.40         2
          14       1.00      0.50      0.67         2
          15       0.00      0.00      0.00         2
          16       0.50      1.00      0.67         2
          17       0.00      0.00      0.00         2
          18       0.40      1.00      0.57         2
          19       0.67      1.00      0.80         2
          20       0.67      0.67      0.67         3
          21       1.00      1.00      1.00         2
          22       1.00      1.00      1.00         2
          23       0.50      0.33      0.40         3
          24       1.00      0.50      0.67         2
          25       0.00      0.00      0.00         2
          26       0.00      0.00      0.00         2
          27       0.00      0.00      0.00         2
          28       0.67      1.00      0.80         2
          29       0.33      0.50      0.40         2
          30       0.50      0.50      0.50         2
          31       0.00      0.00      0.00         2
          32       1.00      0.50      0.67         2
          33       0.50      0.67      0.57         3
          34       0.00      0.00      0.00         2
          35       0.60      1.00      0.75         3
          36       0.75      1.00      0.86         3
          37       0.00      0.00      0.00         2
          38       0.00      0.00      0.00         2
          39       0.40      0.67      0.50         3
          40       0.00      0.00      0.00         2
          41       1.00      0.50      0.67         2
          42       0.50      0.33      0.40         3
          43       1.00      0.50      0.67         2
          44       0.50      0.50      0.50         2
          45       0.20      0.50      0.29         2
          46       0.00      0.00      0.00         2
          47       1.00      1.00      1.00         2
          48       1.00      1.00      1.00         3
          49       0.00      0.00      0.00         3
          50       0.67      1.00      0.80         2
          51       0.00      0.00      0.00         2
          52       1.00      1.00      1.00         2
          53       1.00      0.67      0.80         3
          54       0.00      0.00      0.00         3
          55       0.00      0.00      0.00         2
          56       1.00      0.67      0.80         3
          57       0.14      0.33      0.20         3
          58       0.25      0.50      0.33         2
          59       1.00      1.00      1.00         2
          60       0.67      1.00      0.80         2
          61       0.00      0.00      0.00         2
          62       0.25      0.33      0.29         3
          63       0.00      0.00      0.00         2
          64       0.33      0.50      0.40         2
          65       0.50      0.50      0.50         2
          66       0.00      0.00      0.00         2
          67       0.50      0.50      0.50         2
          68       0.67      1.00      0.80         2
          69       0.00      0.00      0.00         2
          70       0.00      0.00      0.00         2
          71       0.50      0.50      0.50         2
          72       0.00      0.00      0.00         2
          73       1.00      0.50      0.67         2
          74       0.33      0.50      0.40         2
          75       0.00      0.00      0.00         2
          76       0.50      1.00      0.67         2
          77       1.00      0.50      0.67         2
          78       1.00      1.00      1.00         2
          79       0.33      0.50      0.40         2

    accuracy                           0.47       175
   macro avg       0.43      0.46      0.42       175
weighted avg       0.44      0.47      0.43       175

