##################################################
################## the settings ##################
##################################################

Grid_n_jobs:           3
space:                 {'max_depth': array([  7,  14,  21,  28,  35,  42,  49,  56,  63,  70,  77,  84,  91,
        98, 105, 112, 119, 126, 133, 140, 147]), 'criterion': ['gini', 'entropy']}
inner_n_splits:        10
outer_n_splits (dis):  10
df_all_features.shape: (1744, 728)
trainingData.shape:    (1569, 388)
testData.shape:        (175, 388)
test size:             0.1




##################################################
###### summarize the estimated performance #######
####### of the best model on the test set ########
##################################################

Rank-1: 28.00%
best parameters are:
 {'criterion': 'entropy', 'max_depth': 7}

              precision    recall  f1-score   support

           0       0.00      0.00      0.00         2
           1       0.33      1.00      0.50         2
           2       0.00      0.00      0.00         2
           3       0.00      0.00      0.00         2
           4       0.00      0.00      0.00         2
           5       0.33      0.50      0.40         2
           6       0.20      0.50      0.29         2
           7       1.00      0.67      0.80         3
           8       0.33      0.50      0.40         2
           9       0.33      0.50      0.40         2
          10       0.50      1.00      0.67         2
          11       0.00      0.00      0.00         2
          12       0.00      0.00      0.00         2
          13       0.00      0.00      0.00         2
          14       1.00      0.50      0.67         2
          15       0.00      0.00      0.00         2
          16       0.33      1.00      0.50         2
          17       0.33      1.00      0.50         2
          18       0.00      0.00      0.00         2
          19       1.00      0.50      0.67         2
          20       1.00      0.67      0.80         3
          21       0.25      0.50      0.33         2
          22       0.50      0.50      0.50         2
          23       0.00      0.00      0.00         3
          24       0.00      0.00      0.00         2
          25       0.00      0.00      0.00         2
          26       0.00      0.00      0.00         2
          27       0.00      0.00      0.00         2
          28       0.00      0.00      0.00         2
          29       0.25      0.50      0.33         2
          30       0.00      0.00      0.00         2
          31       0.00      0.00      0.00         2
          32       0.00      0.00      0.00         2
          33       0.67      0.67      0.67         3
          34       0.00      0.00      0.00         2
          35       0.00      0.00      0.00         3
          36       1.00      0.33      0.50         3
          37       0.50      0.50      0.50         2
          38       0.00      0.00      0.00         2
          39       0.00      0.00      0.00         3
          40       0.00      0.00      0.00         2
          41       1.00      0.50      0.67         2
          42       0.50      0.67      0.57         3
          43       0.00      0.00      0.00         2
          44       0.50      0.50      0.50         2
          45       0.25      0.50      0.33         2
          46       1.00      0.50      0.67         2
          47       0.33      0.50      0.40         2
          48       0.00      0.00      0.00         3
          49       0.00      0.00      0.00         3
          50       0.00      0.00      0.00         2
          51       0.00      0.00      0.00         2
          52       0.00      0.00      0.00         2
          53       0.67      0.67      0.67         3
          54       0.33      0.33      0.33         3
          55       0.00      0.00      0.00         2
          56       0.67      0.67      0.67         3
          57       0.17      0.33      0.22         3
          58       0.33      0.50      0.40         2
          59       1.00      0.50      0.67         2
          60       1.00      1.00      1.00         2
          61       0.00      0.00      0.00         2
          62       0.00      0.00      0.00         3
          63       0.25      0.50      0.33         2
          64       0.00      0.00      0.00         2
          65       0.00      0.00      0.00         2
          66       0.25      0.50      0.33         2
          67       0.00      0.00      0.00         2
          68       0.33      1.00      0.50         2
          69       0.00      0.00      0.00         2
          70       0.00      0.00      0.00         2
          71       0.00      0.00      0.00         2
          72       0.00      0.00      0.00         2
          73       0.00      0.00      0.00         2
          74       0.00      0.00      0.00         2
          75       0.00      0.00      0.00         2
          76       0.67      1.00      0.80         2
          77       0.00      0.00      0.00         2
          78       0.33      0.50      0.40         2
          79       0.00      0.00      0.00         2

    accuracy                           0.28       175
   macro avg       0.24      0.28      0.24       175
weighted avg       0.26      0.28      0.25       175

