##################################################
################## the settings ##################
##################################################

Grid_n_jobs:           3
space:                 {'probability': [True], 'kernel': ['rbf', 'linear'], 'decision_function_shape': ['ovr', 'ovo'], 'C': [0.1, 10, 1000], 'gamma': [1, 0.01, 0.0001], 'random_state': [10]}
inner_n_splits:        10
outer_n_splits (dis):  10
df_all_features.shape: (1744, 728)
trainingData.shape:    (1569, 39)
testData.shape:        (175, 39)
test size:             0.1




##################################################
###### summarize the estimated performance #######
####### of the best model on the test set ########
##################################################

Rank-1: 43.43%
best parameters are:
 {'C': 10, 'decision_function_shape': 'ovr', 'gamma': 1, 'kernel': 'linear', 'probability': True, 'random_state': 10}

              precision    recall  f1-score   support

           0       0.00      0.00      0.00         2
           1       0.33      0.50      0.40         2
           2       0.00      0.00      0.00         2
           3       0.00      0.00      0.00         2
           4       0.50      0.50      0.50         2
           5       0.50      0.50      0.50         2
           6       0.33      0.50      0.40         2
           7       0.60      1.00      0.75         3
           8       0.40      1.00      0.57         2
           9       0.33      0.50      0.40         2
          10       0.50      0.50      0.50         2
          11       0.50      0.50      0.50         2
          12       0.00      0.00      0.00         2
          13       0.50      1.00      0.67         2
          14       1.00      0.50      0.67         2
          15       0.25      0.50      0.33         2
          16       0.25      0.50      0.33         2
          17       0.33      0.50      0.40         2
          18       0.50      1.00      0.67         2
          19       1.00      1.00      1.00         2
          20       0.67      0.67      0.67         3
          21       0.50      0.50      0.50         2
          22       0.50      0.50      0.50         2
          23       0.33      0.33      0.33         3
          24       0.67      1.00      0.80         2
          25       0.50      0.50      0.50         2
          26       0.50      0.50      0.50         2
          27       0.00      0.00      0.00         2
          28       1.00      0.50      0.67         2
          29       0.20      0.50      0.29         2
          30       0.00      0.00      0.00         2
          31       0.50      0.50      0.50         2
          32       0.67      1.00      0.80         2
          33       0.60      1.00      0.75         3
          34       0.00      0.00      0.00         2
          35       1.00      0.33      0.50         3
          36       0.33      0.33      0.33         3
          37       0.50      0.50      0.50         2
          38       0.00      0.00      0.00         2
          39       0.00      0.00      0.00         3
          40       0.00      0.00      0.00         2
          41       0.50      0.50      0.50         2
          42       0.33      0.33      0.33         3
          43       0.00      0.00      0.00         2
          44       1.00      0.50      0.67         2
          45       1.00      0.50      0.67         2
          46       0.67      1.00      0.80         2
          47       1.00      0.50      0.67         2
          48       0.50      0.33      0.40         3
          49       0.00      0.00      0.00         3
          50       1.00      0.50      0.67         2
          51       1.00      1.00      1.00         2
          52       0.25      0.50      0.33         2
          53       1.00      0.67      0.80         3
          54       0.50      0.33      0.40         3
          55       0.00      0.00      0.00         2
          56       0.67      0.67      0.67         3
          57       0.20      0.33      0.25         3
          58       0.00      0.00      0.00         2
          59       1.00      0.50      0.67         2
          60       0.67      1.00      0.80         2
          61       0.00      0.00      0.00         2
          62       0.50      0.33      0.40         3
          63       0.67      1.00      0.80         2
          64       0.33      0.50      0.40         2
          65       1.00      0.50      0.67         2
          66       0.00      0.00      0.00         2
          67       0.50      0.50      0.50         2
          68       1.00      0.50      0.67         2
          69       0.00      0.00      0.00         2
          70       0.00      0.00      0.00         2
          71       0.67      1.00      0.80         2
          72       0.00      0.00      0.00         2
          73       0.25      0.50      0.33         2
          74       0.50      0.50      0.50         2
          75       1.00      0.50      0.67         2
          76       0.50      1.00      0.67         2
          77       0.00      0.00      0.00         2
          78       0.00      0.00      0.00         2
          79       0.33      0.50      0.40         2

    accuracy                           0.45       175
   macro avg       0.44      0.45      0.41       175
weighted avg       0.44      0.45      0.42       175

