##################################################
################## the settings ##################
##################################################

Grid_n_jobs:           3
space:                 {'n_components': [10, 15, 20, 25, 30]}
inner_n_splits:        10
outer_n_splits (dis):  10
df_all_features.shape: (1744, 728)
trainingData.shape:    (1569, 305)
testData.shape:        (175, 305)
test size:             0.1




##################################################
###### summarize the estimated performance #######
####### of the best model on the test set ########
##################################################

Rank-1: 57.71%
best parameters are:
 {'n_components': 10}

              precision    recall  f1-score   support

           0       0.67      1.00      0.80         2
           1       0.50      1.00      0.67         2
           2       0.00      0.00      0.00         2
           3       0.00      0.00      0.00         2
           4       0.67      1.00      0.80         2
           5       0.50      0.50      0.50         2
           6       1.00      0.50      0.67         2
           7       0.75      1.00      0.86         3
           8       1.00      1.00      1.00         2
           9       1.00      1.00      1.00         2
          10       0.67      1.00      0.80         2
          11       0.00      0.00      0.00         2
          12       0.00      0.00      0.00         2
          13       0.33      0.50      0.40         2
          14       1.00      0.50      0.67         2
          15       1.00      0.50      0.67         2
          16       0.00      0.00      0.00         2
          17       1.00      1.00      1.00         2
          18       0.67      1.00      0.80         2
          19       1.00      1.00      1.00         2
          20       1.00      0.33      0.50         3
          21       1.00      0.50      0.67         2
          22       1.00      0.50      0.67         2
          23       0.25      0.33      0.29         3
          24       0.50      0.50      0.50         2
          25       0.00      0.00      0.00         2
          26       0.25      0.50      0.33         2
          27       0.67      1.00      0.80         2
          28       0.50      1.00      0.67         2
          29       0.33      0.50      0.40         2
          30       1.00      0.50      0.67         2
          31       0.00      0.00      0.00         2
          32       1.00      0.50      0.67         2
          33       0.50      1.00      0.67         3
          34       0.00      0.00      0.00         2
          35       0.00      0.00      0.00         3
          36       1.00      1.00      1.00         3
          37       0.67      1.00      0.80         2
          38       0.00      0.00      0.00         2
          39       0.29      0.67      0.40         3
          40       1.00      0.50      0.67         2
          41       0.50      0.50      0.50         2
          42       1.00      0.33      0.50         3
          43       0.67      1.00      0.80         2
          44       1.00      0.50      0.67         2
          45       0.67      1.00      0.80         2
          46       0.00      0.00      0.00         2
          47       1.00      1.00      1.00         2
          48       1.00      0.33      0.50         3
          49       1.00      0.33      0.50         3
          50       1.00      1.00      1.00         2
          51       0.50      0.50      0.50         2
          52       0.33      0.50      0.40         2
          53       0.60      1.00      0.75         3
          54       1.00      0.33      0.50         3
          55       0.67      1.00      0.80         2
          56       0.67      0.67      0.67         3
          57       0.33      0.33      0.33         3
          58       0.33      0.50      0.40         2
          59       0.67      1.00      0.80         2
          60       1.00      0.50      0.67         2
          61       0.00      0.00      0.00         2
          62       0.75      1.00      0.86         3
          63       1.00      0.50      0.67         2
          64       0.17      0.50      0.25         2
          65       0.50      0.50      0.50         2
          66       0.00      0.00      0.00         2
          67       1.00      0.50      0.67         2
          68       0.67      1.00      0.80         2
          69       0.17      0.50      0.25         2
          70       0.00      0.00      0.00         2
          71       1.00      1.00      1.00         2
          72       1.00      0.50      0.67         2
          73       0.33      0.50      0.40         2
          74       0.67      1.00      0.80         2
          75       1.00      0.50      0.67         2
          76       0.67      1.00      0.80         2
          77       0.50      0.50      0.50         2
          78       1.00      1.00      1.00         2
          79       0.50      0.50      0.50         2

    accuracy                           0.58       175
   macro avg       0.59      0.58      0.55       175
weighted avg       0.60      0.58      0.55       175

