##################################################
################## the settings ##################
##################################################

Grid_n_jobs:           3
space:                 {'n_neighbors': array([ 1,  3,  5,  7,  9, 11, 13, 15, 17, 19, 21]), 'metric': ['euclidean', 'manhattan', 'chebyshev'], 'weights': ['distance', 'uniform']}
inner_n_splits:        10
outer_n_splits (dis):  10
df_all_features.shape: (1744, 728)
trainingData.shape:    (1569, 39)
testData.shape:        (175, 39)
test size:             0.1




##################################################
###### summarize the estimated performance #######
####### of the best model on the test set ########
##################################################

Rank-1: 36.57%
best parameters are:
 {'metric': 'manhattan', 'n_neighbors': 15, 'weights': 'distance'}

              precision    recall  f1-score   support

           0       0.00      0.00      0.00         2
           1       0.50      1.00      0.67         2
           2       0.00      0.00      0.00         2
           3       0.00      0.00      0.00         2
           4       0.00      0.00      0.00         2
           5       0.50      0.50      0.50         2
           6       0.00      0.00      0.00         2
           7       1.00      0.33      0.50         3
           8       0.40      1.00      0.57         2
           9       0.00      0.00      0.00         2
          10       0.00      0.00      0.00         2
          11       0.00      0.00      0.00         2
          12       0.00      0.00      0.00         2
          13       0.14      0.50      0.22         2
          14       0.50      0.50      0.50         2
          15       0.50      0.50      0.50         2
          16       0.33      0.50      0.40         2
          17       0.00      0.00      0.00         2
          18       0.25      0.50      0.33         2
          19       1.00      1.00      1.00         2
          20       0.25      0.33      0.29         3
          21       1.00      0.50      0.67         2
          22       0.67      1.00      0.80         2
          23       0.50      0.33      0.40         3
          24       0.67      1.00      0.80         2
          25       0.00      0.00      0.00         2
          26       0.00      0.00      0.00         2
          27       0.50      0.50      0.50         2
          28       0.17      0.50      0.25         2
          29       0.00      0.00      0.00         2
          30       0.33      0.50      0.40         2
          31       1.00      0.50      0.67         2
          32       1.00      0.50      0.67         2
          33       0.50      0.33      0.40         3
          34       0.00      0.00      0.00         2
          35       0.00      0.00      0.00         3
          36       0.43      1.00      0.60         3
          37       0.00      0.00      0.00         2
          38       0.00      0.00      0.00         2
          39       0.33      0.33      0.33         3
          40       0.00      0.00      0.00         2
          41       0.50      0.50      0.50         2
          42       0.17      0.33      0.22         3
          43       1.00      0.50      0.67         2
          44       1.00      0.50      0.67         2
          45       0.00      0.00      0.00         2
          46       0.00      0.00      0.00         2
          47       1.00      1.00      1.00         2
          48       1.00      0.67      0.80         3
          49       0.33      0.33      0.33         3
          50       0.00      0.00      0.00         2
          51       0.00      0.00      0.00         2
          52       0.67      1.00      0.80         2
          53       0.67      0.67      0.67         3
          54       0.25      0.33      0.29         3
          55       0.00      0.00      0.00         2
          56       0.67      0.67      0.67         3
          57       0.17      0.33      0.22         3
          58       0.50      0.50      0.50         2
          59       1.00      1.00      1.00         2
          60       1.00      1.00      1.00         2
          61       0.00      0.00      0.00         2
          62       0.50      0.33      0.40         3
          63       0.00      0.00      0.00         2
          64       0.50      1.00      0.67         2
          65       0.25      0.50      0.33         2
          66       0.00      0.00      0.00         2
          67       0.33      0.50      0.40         2
          68       0.00      0.00      0.00         2
          69       0.00      0.00      0.00         2
          70       0.00      0.00      0.00         2
          71       1.00      0.50      0.67         2
          72       0.00      0.00      0.00         2
          73       0.50      0.50      0.50         2
          74       0.33      0.50      0.40         2
          75       0.00      0.00      0.00         2
          76       0.40      1.00      0.57         2
          77       0.50      0.50      0.50         2
          78       0.00      0.00      0.00         2
          79       0.25      0.50      0.33         2

    accuracy                           0.37       175
   macro avg       0.34      0.36      0.33       175
weighted avg       0.35      0.37      0.33       175

