##################################################
################## the settings ##################
##################################################

Grid_n_jobs:           3
space:                 {'probability': [True], 'kernel': ['rbf', 'linear'], 'decision_function_shape': ['ovr', 'ovo'], 'C': [0.1, 10, 1000], 'gamma': [1, 0.01, 0.0001], 'random_state': [10]}
inner_n_splits:        10
outer_n_splits (dis):  10
df_all_features.shape: (1744, 728)
trainingData.shape:    (1569, 8)
testData.shape:        (175, 8)
test size:             0.1




##################################################
###### summarize the estimated performance #######
####### of the best model on the test set ########
##################################################

Rank-1: 8.00%
best parameters are:
 {'C': 1000, 'decision_function_shape': 'ovr', 'gamma': 1, 'kernel': 'linear', 'probability': True, 'random_state': 10}

              precision    recall  f1-score   support

           0       0.00      0.00      0.00         2
           1       0.00      0.00      0.00         2
           2       0.00      0.00      0.00         2
           3       0.00      0.00      0.00         2
           4       0.00      0.00      0.00         2
           5       0.00      0.00      0.00         2
           6       0.00      0.00      0.00         2
           7       0.12      0.33      0.18         3
           8       0.00      0.00      0.00         2
           9       0.00      0.00      0.00         2
          10       0.00      0.00      0.00         2
          11       0.00      0.00      0.00         2
          12       0.00      0.00      0.00         2
          13       0.00      0.00      0.00         2
          14       0.00      0.00      0.00         2
          15       0.00      0.00      0.00         2
          16       0.00      0.00      0.00         2
          17       0.00      0.00      0.00         2
          18       0.00      0.00      0.00         2
          19       0.00      0.00      0.00         2
          20       0.00      0.00      0.00         3
          21       0.00      0.00      0.00         2
          22       0.00      0.00      0.00         2
          23       0.00      0.00      0.00         3
          24       0.00      0.00      0.00         2
          25       0.00      0.00      0.00         2
          26       0.00      0.00      0.00         2
          27       0.40      1.00      0.57         2
          28       0.00      0.00      0.00         2
          29       0.00      0.00      0.00         2
          30       0.00      0.00      0.00         2
          31       0.00      0.00      0.00         2
          32       0.00      0.00      0.00         2
          33       0.00      0.00      0.00         3
          34       0.00      0.00      0.00         2
          35       0.00      0.00      0.00         3
          36       0.00      0.00      0.00         3
          37       0.00      0.00      0.00         2
          38       0.00      0.00      0.00         2
          39       0.00      0.00      0.00         3
          40       0.00      0.00      0.00         2
          41       0.00      0.00      0.00         2
          42       0.00      0.00      0.00         3
          43       0.00      0.00      0.00         2
          44       0.00      0.00      0.00         2
          45       0.00      0.00      0.00         2
          46       0.00      0.00      0.00         2
          47       0.00      0.00      0.00         2
          48       0.00      0.00      0.00         3
          49       0.00      0.00      0.00         3
          50       0.00      0.00      0.00         2
          51       0.00      0.00      0.00         2
          52       0.11      0.50      0.18         2
          53       0.00      0.00      0.00         3
          54       0.14      0.33      0.20         3
          55       0.00      0.00      0.00         2
          56       0.00      0.00      0.00         3
          57       0.50      0.33      0.40         3
          58       0.00      0.00      0.00         2
          59       0.00      0.00      0.00         2
          60       0.50      0.50      0.50         2
          61       0.50      0.50      0.50         2
          62       0.00      0.00      0.00         3
          63       0.00      0.00      0.00         2
          64       0.00      0.00      0.00         2
          65       0.00      0.00      0.00         2
          66       0.00      0.00      0.00         2
          67       0.00      0.00      0.00         2
          68       0.50      1.00      0.67         2
          69       0.00      0.00      0.00         2
          70       0.00      0.00      0.00         2
          71       0.00      0.00      0.00         2
          72       0.25      0.50      0.33         2
          73       0.00      0.00      0.00         2
          74       0.00      0.00      0.00         2
          75       0.00      0.00      0.00         2
          76       0.00      0.00      0.00         2
          77       0.00      0.00      0.00         2
          78       0.00      0.00      0.00         2
          79       0.20      0.50      0.29         2

    accuracy                           0.07       175
   macro avg       0.04      0.07      0.05       175
weighted avg       0.04      0.07      0.05       175

