##################################################
################## the settings ##################
##################################################

Grid_n_jobs:           3
space:                 {'n_neighbors': array([ 1,  3,  5,  7,  9, 11, 13, 15, 17, 19, 21]), 'metric': ['euclidean', 'manhattan', 'chebyshev'], 'weights': ['distance', 'uniform']}
inner_n_splits:        10
outer_n_splits (dis):  10
df_all_features.shape: (1744, 728)
trainingData.shape:    (1569, 45)
testData.shape:        (175, 45)
test size:             0.1




##################################################
###### summarize the estimated performance #######
####### of the best model on the test set ########
##################################################

Rank-1: 34.29%
best parameters are:
 {'metric': 'manhattan', 'n_neighbors': 21, 'weights': 'distance'}

              precision    recall  f1-score   support

           0       0.00      0.00      0.00         2
           1       0.33      1.00      0.50         2
           2       0.00      0.00      0.00         2
           3       0.00      0.00      0.00         2
           4       0.33      0.50      0.40         2
           5       0.17      0.50      0.25         2
           6       0.00      0.00      0.00         2
           7       0.00      0.00      0.00         3
           8       1.00      0.50      0.67         2
           9       0.50      0.50      0.50         2
          10       1.00      1.00      1.00         2
          11       0.00      0.00      0.00         2
          12       0.00      0.00      0.00         2
          13       0.00      0.00      0.00         2
          14       1.00      0.50      0.67         2
          15       0.00      0.00      0.00         2
          16       1.00      0.50      0.67         2
          17       0.50      0.50      0.50         2
          18       0.20      0.50      0.29         2
          19       0.00      0.00      0.00         2
          20       0.17      0.33      0.22         3
          21       0.67      1.00      0.80         2
          22       0.50      1.00      0.67         2
          23       0.00      0.00      0.00         3
          24       0.00      0.00      0.00         2
          25       0.00      0.00      0.00         2
          26       0.00      0.00      0.00         2
          27       0.00      0.00      0.00         2
          28       0.20      0.50      0.29         2
          29       0.33      0.50      0.40         2
          30       0.67      1.00      0.80         2
          31       0.00      0.00      0.00         2
          32       0.00      0.00      0.00         2
          33       0.00      0.00      0.00         3
          34       0.00      0.00      0.00         2
          35       0.00      0.00      0.00         3
          36       0.33      0.67      0.44         3
          37       0.00      0.00      0.00         2
          38       0.00      0.00      0.00         2
          39       0.00      0.00      0.00         3
          40       1.00      0.50      0.67         2
          41       0.33      0.50      0.40         2
          42       0.25      0.33      0.29         3
          43       0.50      0.50      0.50         2
          44       0.20      0.50      0.29         2
          45       0.00      0.00      0.00         2
          46       0.00      0.00      0.00         2
          47       0.67      1.00      0.80         2
          48       1.00      0.33      0.50         3
          49       0.00      0.00      0.00         3
          50       0.67      1.00      0.80         2
          51       0.00      0.00      0.00         2
          52       0.50      0.50      0.50         2
          53       0.60      1.00      0.75         3
          54       0.00      0.00      0.00         3
          55       0.00      0.00      0.00         2
          56       0.50      0.67      0.57         3
          57       0.12      0.33      0.18         3
          58       0.50      0.50      0.50         2
          59       1.00      1.00      1.00         2
          60       0.40      1.00      0.57         2
          61       0.00      0.00      0.00         2
          62       0.00      0.00      0.00         3
          63       0.00      0.00      0.00         2
          64       1.00      1.00      1.00         2
          65       0.20      0.50      0.29         2
          66       0.00      0.00      0.00         2
          67       0.29      1.00      0.44         2
          68       0.00      0.00      0.00         2
          69       0.67      1.00      0.80         2
          70       0.00      0.00      0.00         2
          71       0.33      0.50      0.40         2
          72       0.00      0.00      0.00         2
          73       0.50      0.50      0.50         2
          74       0.25      0.50      0.33         2
          75       1.00      0.50      0.67         2
          76       0.50      1.00      0.67         2
          77       0.00      0.00      0.00         2
          78       0.67      1.00      0.80         2
          79       0.00      0.00      0.00         2

    accuracy                           0.34       175
   macro avg       0.28      0.35      0.29       175
weighted avg       0.27      0.34      0.28       175

