##################################################
################## the settings ##################
##################################################

Grid_n_jobs:           3
space:                 {'probability': [True], 'kernel': ['rbf', 'linear'], 'decision_function_shape': ['ovr', 'ovo'], 'C': [0.1, 10, 1000], 'gamma': [1, 0.01, 0.0001], 'random_state': [10]}
inner_n_splits:        10
outer_n_splits (dis):  10
df_all_features.shape: (1744, 728)
trainingData.shape:    (1569, 45)
testData.shape:        (175, 45)
test size:             0.1




##################################################
###### summarize the estimated performance #######
####### of the best model on the test set ########
##################################################

Rank-1: 46.29%
best parameters are:
 {'C': 10, 'decision_function_shape': 'ovr', 'gamma': 0.01, 'kernel': 'rbf', 'probability': True, 'random_state': 10}

              precision    recall  f1-score   support

           0       0.00      0.00      0.00         2
           1       0.25      0.50      0.33         2
           2       0.00      0.00      0.00         2
           3       0.00      0.00      0.00         2
           4       1.00      0.50      0.67         2
           5       0.20      0.50      0.29         2
           6       0.33      0.50      0.40         2
           7       0.60      1.00      0.75         3
           8       0.33      0.50      0.40         2
           9       0.50      0.50      0.50         2
          10       0.67      1.00      0.80         2
          11       0.00      0.00      0.00         2
          12       0.00      0.00      0.00         2
          13       0.33      0.50      0.40         2
          14       1.00      0.50      0.67         2
          15       0.33      0.50      0.40         2
          16       0.25      0.50      0.33         2
          17       1.00      0.50      0.67         2
          18       0.50      0.50      0.50         2
          19       1.00      1.00      1.00         2
          20       1.00      0.33      0.50         3
          21       1.00      0.50      0.67         2
          22       0.50      1.00      0.67         2
          23       0.00      0.00      0.00         3
          24       1.00      0.50      0.67         2
          25       0.50      0.50      0.50         2
          26       0.00      0.00      0.00         2
          27       0.00      0.00      0.00         2
          28       0.50      1.00      0.67         2
          29       0.20      0.50      0.29         2
          30       1.00      1.00      1.00         2
          31       0.00      0.00      0.00         2
          32       1.00      0.50      0.67         2
          33       1.00      0.67      0.80         3
          34       0.00      0.00      0.00         2
          35       0.33      0.33      0.33         3
          36       0.50      0.33      0.40         3
          37       0.50      1.00      0.67         2
          38       0.00      0.00      0.00         2
          39       0.50      0.33      0.40         3
          40       1.00      0.50      0.67         2
          41       0.50      0.50      0.50         2
          42       0.25      0.33      0.29         3
          43       0.50      0.50      0.50         2
          44       0.00      0.00      0.00         2
          45       0.33      0.50      0.40         2
          46       0.00      0.00      0.00         2
          47       0.50      1.00      0.67         2
          48       0.67      0.67      0.67         3
          49       0.00      0.00      0.00         3
          50       0.50      1.00      0.67         2
          51       0.50      0.50      0.50         2
          52       0.00      0.00      0.00         2
          53       1.00      1.00      1.00         3
          54       0.50      0.33      0.40         3
          55       0.00      0.00      0.00         2
          56       0.60      1.00      0.75         3
          57       0.17      0.33      0.22         3
          58       0.50      1.00      0.67         2
          59       1.00      1.00      1.00         2
          60       1.00      1.00      1.00         2
          61       0.00      0.00      0.00         2
          62       1.00      0.33      0.50         3
          63       0.33      0.50      0.40         2
          64       0.25      0.50      0.33         2
          65       0.00      0.00      0.00         2
          66       0.00      0.00      0.00         2
          67       1.00      0.50      0.67         2
          68       1.00      1.00      1.00         2
          69       0.00      0.00      0.00         2
          70       0.00      0.00      0.00         2
          71       1.00      1.00      1.00         2
          72       0.00      0.00      0.00         2
          73       0.50      0.50      0.50         2
          74       0.00      0.00      0.00         2
          75       0.00      0.00      0.00         2
          76       0.67      1.00      0.80         2
          77       1.00      0.50      0.67         2
          78       0.67      1.00      0.80         2
          79       0.50      0.50      0.50         2

    accuracy                           0.45       175
   macro avg       0.44      0.45      0.42       175
weighted avg       0.45      0.45      0.42       175

