##################################################
################## the settings ##################
##################################################

Grid_n_jobs:           3
space:                 {'n_neighbors': array([ 1,  3,  5,  7,  9, 11, 13, 15, 17, 19, 21]), 'metric': ['euclidean', 'manhattan', 'chebyshev'], 'weights': ['distance', 'uniform']}
inner_n_splits:        10
outer_n_splits (dis):  10
df_all_features.shape: (1744, 728)
trainingData.shape:    (1569, 305)
testData.shape:        (175, 305)
test size:             0.1




##################################################
###### summarize the estimated performance #######
####### of the best model on the test set ########
##################################################

Rank-1: 39.43%
best parameters are:
 {'metric': 'manhattan', 'n_neighbors': 7, 'weights': 'distance'}

              precision    recall  f1-score   support

           0       0.17      0.50      0.25         2
           1       0.50      0.50      0.50         2
           2       0.00      0.00      0.00         2
           3       0.00      0.00      0.00         2
           4       0.25      0.50      0.33         2
           5       0.50      1.00      0.67         2
           6       0.50      0.50      0.50         2
           7       0.60      1.00      0.75         3
           8       0.33      0.50      0.40         2
           9       1.00      0.50      0.67         2
          10       1.00      0.50      0.67         2
          11       0.00      0.00      0.00         2
          12       0.00      0.00      0.00         2
          13       0.33      0.50      0.40         2
          14       1.00      0.50      0.67         2
          15       1.00      0.50      0.67         2
          16       0.00      0.00      0.00         2
          17       0.00      0.00      0.00         2
          18       0.14      0.50      0.22         2
          19       1.00      0.50      0.67         2
          20       0.00      0.00      0.00         3
          21       0.50      0.50      0.50         2
          22       1.00      1.00      1.00         2
          23       1.00      0.33      0.50         3
          24       1.00      0.50      0.67         2
          25       0.00      0.00      0.00         2
          26       0.00      0.00      0.00         2
          27       0.00      0.00      0.00         2
          28       0.17      0.50      0.25         2
          29       0.00      0.00      0.00         2
          30       0.50      0.50      0.50         2
          31       1.00      0.50      0.67         2
          32       0.00      0.00      0.00         2
          33       0.50      1.00      0.67         3
          34       0.00      0.00      0.00         2
          35       0.25      0.33      0.29         3
          36       0.60      1.00      0.75         3
          37       0.00      0.00      0.00         2
          38       0.00      0.00      0.00         2
          39       0.00      0.00      0.00         3
          40       0.00      0.00      0.00         2
          41       0.00      0.00      0.00         2
          42       0.50      0.33      0.40         3
          43       0.50      0.50      0.50         2
          44       0.00      0.00      0.00         2
          45       1.00      0.50      0.67         2
          46       0.00      0.00      0.00         2
          47       0.50      0.50      0.50         2
          48       0.67      0.67      0.67         3
          49       0.50      0.33      0.40         3
          50       1.00      0.50      0.67         2
          51       0.00      0.00      0.00         2
          52       0.00      0.00      0.00         2
          53       0.50      1.00      0.67         3
          54       0.40      0.67      0.50         3
          55       0.00      0.00      0.00         2
          56       1.00      0.33      0.50         3
          57       0.12      0.33      0.18         3
          58       0.00      0.00      0.00         2
          59       1.00      1.00      1.00         2
          60       1.00      0.50      0.67         2
          61       0.00      0.00      0.00         2
          62       0.67      0.67      0.67         3
          63       0.50      0.50      0.50         2
          64       0.50      1.00      0.67         2
          65       0.33      1.00      0.50         2
          66       0.00      0.00      0.00         2
          67       0.25      0.50      0.33         2
          68       0.50      0.50      0.50         2
          69       0.00      0.00      0.00         2
          70       0.00      0.00      0.00         2
          71       0.67      1.00      0.80         2
          72       0.25      0.50      0.33         2
          73       0.33      0.50      0.40         2
          74       0.25      0.50      0.33         2
          75       0.33      0.50      0.40         2
          76       1.00      1.00      1.00         2
          77       0.00      0.00      0.00         2
          78       1.00      0.50      0.67         2
          79       1.00      0.50      0.67         2

    accuracy                           0.39       175
   macro avg       0.39      0.38      0.35       175
weighted avg       0.40      0.39      0.36       175

