##################################################
################## the settings ##################
##################################################

Grid_n_jobs:           3
space:                 {'n_components': [10, 15, 20, 25, 30]}
inner_n_splits:        10
outer_n_splits (dis):  10
df_all_features.shape: (1744, 728)
trainingData.shape:    (1569, 45)
testData.shape:        (175, 45)
test size:             0.1




##################################################
###### summarize the estimated performance #######
####### of the best model on the test set ########
##################################################

Rank-1: 54.29%
best parameters are:
 {'n_components': 10}

              precision    recall  f1-score   support

           0       0.00      0.00      0.00         1
           1       0.50      0.33      0.40         3
           2       1.00      0.25      0.40         4
           3       0.00      0.00      0.00         0
           4       0.50      1.00      0.67         2
           5       0.33      1.00      0.50         1
           6       0.00      0.00      0.00         2
           7       0.50      0.50      0.50         2
           8       1.00      0.25      0.40         4
           9       1.00      0.50      0.67         2
          10       0.50      0.67      0.57         3
          11       1.00      1.00      1.00         3
          12       0.00      0.00      0.00         2
          13       0.00      0.00      0.00         2
          14       0.67      1.00      0.80         2
          15       0.00      0.00      0.00         0
          16       1.00      0.50      0.67         2
          17       0.67      0.67      0.67         3
          18       0.50      0.50      0.50         2
          19       1.00      0.67      0.80         3
          20       1.00      1.00      1.00         1
          21       1.00      1.00      1.00         2
          22       0.50      0.50      0.50         2
          23       1.00      1.00      1.00         4
          24       1.00      1.00      1.00         1
          25       0.67      0.67      0.67         3
          27       1.00      1.00      1.00         2
          28       0.25      0.50      0.33         2
          29       0.00      0.00      0.00         0
          30       1.00      0.40      0.57         5
          31       0.25      0.50      0.33         2
          32       0.00      0.00      0.00         0
          33       0.20      0.33      0.25         3
          34       0.00      0.00      0.00         1
          35       0.50      0.50      0.50         2
          36       0.00      0.00      0.00         1
          37       0.50      0.25      0.33         4
          39       1.00      1.00      1.00         2
          40       0.00      0.00      0.00         0
          42       0.75      0.75      0.75         4
          43       0.00      0.00      0.00         2
          44       0.00      0.00      0.00         2
          45       0.00      0.00      0.00         2
          46       1.00      0.25      0.40         4
          47       0.67      0.67      0.67         3
          48       1.00      0.25      0.40         4
          49       0.00      0.00      0.00         2
          50       1.00      0.50      0.67         2
          51       0.75      0.75      0.75         4
          52       1.00      0.67      0.80         3
          53       1.00      1.00      1.00         4
          54       0.00      0.00      0.00         0
          55       1.00      0.80      0.89         5
          56       1.00      0.67      0.80         6
          57       0.00      0.00      0.00         2
          58       0.00      0.00      0.00         3
          59       1.00      1.00      1.00         1
          60       1.00      1.00      1.00         1
          61       0.17      0.25      0.20         4
          62       0.00      0.00      0.00         2
          63       0.00      0.00      0.00         1
          64       0.40      1.00      0.57         2
          65       0.67      1.00      0.80         2
          66       0.00      0.00      0.00         1
          67       0.33      0.67      0.44         3
          68       0.50      1.00      0.67         1
          69       0.33      0.25      0.29         4
          70       1.00      1.00      1.00         1
          71       1.00      1.00      1.00         1
          72       0.25      0.33      0.29         3
          73       0.00      0.00      0.00         1
          74       0.67      1.00      0.80         2
          75       1.00      1.00      1.00         2
          76       0.80      1.00      0.89         4
          77       0.00      0.00      0.00         1
          78       1.00      1.00      1.00         3
          79       1.00      0.67      0.80         3

    accuracy                           0.54       175
   macro avg       0.52      0.49      0.48       175
weighted avg       0.64      0.54      0.55       175

