##################################################
################## the settings ##################
##################################################

Grid_n_jobs:           3
space:                 {'max_depth': array([ 3,  5,  7,  9, 11, 13, 15, 17, 19, 21, 23, 25, 27, 29, 31]), 'criterion': ['gini', 'entropy']}
inner_n_splits:        10
outer_n_splits (dis):  10
df_all_features.shape: (1744, 728)
trainingData.shape:    (1569, 45)
testData.shape:        (175, 45)
test size:             0.1




##################################################
###### summarize the estimated performance #######
####### of the best model on the test set ########
##################################################

Rank-1: 28.57%
best parameters are:
 {'criterion': 'entropy', 'max_depth': 9}

              precision    recall  f1-score   support

           0       0.00      0.00      0.00         2
           1       0.25      1.00      0.40         2
           2       1.00      0.50      0.67         2
           3       0.00      0.00      0.00         2
           4       0.33      0.50      0.40         2
           5       0.20      0.50      0.29         2
           6       1.00      0.50      0.67         2
           7       0.25      0.33      0.29         3
           8       0.00      0.00      0.00         2
           9       0.00      0.00      0.00         2
          10       0.00      0.00      0.00         2
          11       0.00      0.00      0.00         2
          12       0.00      0.00      0.00         2
          13       0.00      0.00      0.00         2
          14       1.00      1.00      1.00         2
          15       0.00      0.00      0.00         2
          16       0.20      0.50      0.29         2
          17       0.25      0.50      0.33         2
          18       0.17      0.50      0.25         2
          19       0.50      0.50      0.50         2
          20       0.40      0.67      0.50         3
          21       0.00      0.00      0.00         2
          22       0.50      0.50      0.50         2
          23       0.25      0.33      0.29         3
          24       0.00      0.00      0.00         2
          25       0.00      0.00      0.00         2
          26       0.00      0.00      0.00         2
          27       0.00      0.00      0.00         2
          28       0.33      0.50      0.40         2
          29       0.00      0.00      0.00         2
          30       1.00      0.50      0.67         2
          31       0.00      0.00      0.00         2
          32       0.00      0.00      0.00         2
          33       0.50      0.33      0.40         3
          34       0.00      0.00      0.00         2
          35       0.00      0.00      0.00         3
          36       0.50      0.33      0.40         3
          37       0.00      0.00      0.00         2
          38       0.50      0.50      0.50         2
          39       0.17      0.33      0.22         3
          40       0.33      0.50      0.40         2
          41       1.00      0.50      0.67         2
          42       0.50      0.33      0.40         3
          43       0.00      0.00      0.00         2
          44       0.50      0.50      0.50         2
          45       0.33      0.50      0.40         2
          46       0.33      0.50      0.40         2
          47       0.00      0.00      0.00         2
          48       0.50      0.33      0.40         3
          49       0.00      0.00      0.00         3
          50       1.00      0.50      0.67         2
          51       0.50      0.50      0.50         2
          52       0.00      0.00      0.00         2
          53       1.00      1.00      1.00         3
          54       0.00      0.00      0.00         3
          55       1.00      0.50      0.67         2
          56       0.67      0.67      0.67         3
          57       0.00      0.00      0.00         3
          58       0.00      0.00      0.00         2
          59       0.00      0.00      0.00         2
          60       0.67      1.00      0.80         2
          61       0.00      0.00      0.00         2
          62       1.00      0.33      0.50         3
          63       0.00      0.00      0.00         2
          64       0.00      0.00      0.00         2
          65       0.00      0.00      0.00         2
          66       0.33      0.50      0.40         2
          67       0.00      0.00      0.00         2
          68       0.00      0.00      0.00         2
          69       0.20      0.50      0.29         2
          70       0.00      0.00      0.00         2
          71       0.00      0.00      0.00         2
          72       0.00      0.00      0.00         2
          73       1.00      0.50      0.67         2
          74       0.25      0.50      0.33         2
          75       0.33      0.50      0.40         2
          76       1.00      1.00      1.00         2
          77       0.00      0.00      0.00         2
          78       0.00      0.00      0.00         2
          79       0.25      0.50      0.33         2

    accuracy                           0.28       175
   macro avg       0.28      0.28      0.25       175
weighted avg       0.28      0.28      0.26       175

