##################################################
################## the settings ##################
##################################################

Grid_n_jobs:           3
space:                 {'n_components': [10, 15, 20, 25, 30]}
inner_n_splits:        10
outer_n_splits (dis):  10
df_all_features.shape: (1744, 721)
trainingData.shape:    (1569, 381)
testData.shape:        (175, 381)
test size:             0.1




##################################################
###### summarize the estimated performance #######
####### of the best model on the test set ########
##################################################

Rank-1: 68.57%
best parameters are:
 {'n_components': 10}

              precision    recall  f1-score   support

           0       1.00      1.00      1.00         2
           1       0.50      1.00      0.67         2
           2       0.00      0.00      0.00         2
           3       0.00      0.00      0.00         2
           4       1.00      0.50      0.67         2
           5       0.67      1.00      0.80         2
           6       1.00      0.50      0.67         2
           7       0.60      1.00      0.75         3
           8       1.00      1.00      1.00         2
           9       1.00      1.00      1.00         2
          10       0.67      1.00      0.80         2
          11       0.00      0.00      0.00         2
          12       1.00      0.50      0.67         2
          13       0.33      1.00      0.50         2
          14       1.00      0.50      0.67         2
          15       1.00      0.50      0.67         2
          16       0.67      1.00      0.80         2
          17       1.00      1.00      1.00         2
          18       0.67      1.00      0.80         2
          19       1.00      1.00      1.00         2
          20       1.00      0.67      0.80         3
          21       1.00      1.00      1.00         2
          22       1.00      1.00      1.00         2
          23       0.50      0.33      0.40         3
          24       1.00      1.00      1.00         2
          25       0.00      0.00      0.00         2
          26       0.33      0.50      0.40         2
          27       0.50      1.00      0.67         2
          28       0.67      1.00      0.80         2
          29       1.00      1.00      1.00         2
          30       1.00      0.50      0.67         2
          31       1.00      1.00      1.00         2
          32       1.00      0.50      0.67         2
          33       0.75      1.00      0.86         3
          34       0.00      0.00      0.00         2
          35       0.50      0.67      0.57         3
          36       1.00      1.00      1.00         3
          37       0.50      0.50      0.50         2
          38       0.00      0.00      0.00         2
          39       1.00      1.00      1.00         3
          40       1.00      0.50      0.67         2
          41       1.00      0.50      0.67         2
          42       1.00      0.33      0.50         3
          43       0.50      1.00      0.67         2
          44       1.00      0.50      0.67         2
          45       0.67      1.00      0.80         2
          46       0.67      1.00      0.80         2
          47       1.00      1.00      1.00         2
          48       1.00      0.33      0.50         3
          49       1.00      0.33      0.50         3
          50       0.67      1.00      0.80         2
          51       1.00      0.50      0.67         2
          52       0.50      1.00      0.67         2
          53       0.60      1.00      0.75         3
          54       1.00      0.33      0.50         3
          55       1.00      1.00      1.00         2
          56       1.00      0.67      0.80         3
          57       0.50      0.33      0.40         3
          58       1.00      0.50      0.67         2
          59       1.00      1.00      1.00         2
          60       1.00      0.50      0.67         2
          61       0.00      0.00      0.00         2
          62       1.00      1.00      1.00         3
          63       1.00      1.00      1.00         2
          64       0.33      0.50      0.40         2
          65       0.50      0.50      0.50         2
          66       0.00      0.00      0.00         2
          67       1.00      1.00      1.00         2
          68       0.67      1.00      0.80         2
          69       0.50      0.50      0.50         2
          70       0.00      0.00      0.00         2
          71       1.00      1.00      1.00         2
          72       0.50      0.50      0.50         2
          73       1.00      1.00      1.00         2
          74       0.67      1.00      0.80         2
          75       1.00      0.50      0.67         2
          76       0.67      1.00      0.80         2
          77       0.33      0.50      0.40         2
          78       0.67      1.00      0.80         2
          79       0.50      0.50      0.50         2

    accuracy                           0.69       175
   macro avg       0.72      0.69      0.66       175
weighted avg       0.73      0.69      0.67       175

