
###########################################################
###########################################################
fpr (CM): 
[0.00000000e+00 8.05789318e-04 1.94602041e-03 4.33630191e-03
 6.92625670e-03 9.30114674e-03 1.23216475e-02 1.67777268e-02
 2.14083201e-02 2.64648589e-02 3.19137598e-02 3.91491983e-02
 4.70756916e-02 5.72765273e-02 7.45318071e-02 1.09468773e-01
 1.83636825e-01 3.61589789e-01 6.70816585e-01 1.00000000e+00]
tpr (CM): 
[0.         0.04326923 0.08734818 0.13259109 0.18822537 0.25217611
 0.31445682 0.35921053 0.40863698 0.4613529  0.51136977 0.55337382
 0.59532726 0.64245951 0.6930668  0.73846154 0.77990891 0.83225371
 0.90580297 0.98076923]
auc (CM): 
0.841