
###########################################################
###########################################################
fpr (CM): 
[0.         0.00101436 0.00314911 0.01109623 0.01728229 0.02147265
 0.0292263  0.03743818 0.04657926 0.05994691 0.07377756 0.08757354
 0.10513225 0.13558094 0.19334357 0.26007728 0.30680605 0.39000137
 0.68280748 1.        ]
tpr (CM): 
[0.         0.05246289 0.10305331 0.14053644 0.19875169 0.28599865
 0.36266869 0.42226721 0.47329622 0.52923414 0.5807861  0.63240553
 0.69308367 0.75220985 0.78822537 0.82818826 0.90134953 0.97263833
 0.98076923 0.98076923]
auc (CM): 
0.883