
###########################################################
###########################################################
fpr (CM): 
[0.         0.00139211 0.00278421 0.00417632 0.00556843 0.00696054
 0.00835264 0.00974475 0.01113686 0.01252897 0.06516054 0.16903159
 0.27290265 0.3767737  0.48064475 0.5845158  0.68838685 0.7922579
 0.89612895 1.        ]
tpr (CM): 
[0.         0.03518893 0.07037787 0.1055668  0.14075574 0.17594467
 0.2111336  0.24632254 0.28151147 0.3167004  0.36831984 0.43636977
 0.5044197  0.57246964 0.64051957 0.7085695  0.77661943 0.84466937
 0.9127193  0.98076923]
auc (CM): 
0.651