
###########################################################
###########################################################
fpr (CM): 
[0.         0.00170104 0.00417543 0.00908488 0.01259057 0.01637325
 0.02211147 0.02764267 0.03348209 0.04554712 0.0599323  0.07307306
 0.09706056 0.13548641 0.19206663 0.24906273 0.2851768  0.35633226
 0.66272167 1.        ]
tpr (CM): 
[0.         0.02125506 0.04331984 0.08883266 0.15877193 0.23448043
 0.29649123 0.36280364 0.42825574 0.48367072 0.534278   0.5965081
 0.6655027  0.72705803 0.76300607 0.80111336 0.88324899 0.96811741
 0.97935223 0.98076923]
auc (CM): 
0.881